042518 1989uscensuspovertysanantoniozipcode
Still loading...

A B C D E F G H I J K L M N O P Q R S T U V W X Y Z 1 ANPSADPI E1C001 E1C002 E1C003 E1C004 E1C005 E1C006 E1C007 E1C008 E1C009 SUM UP TO POVERTY LEVEL SUM ALL RAW DIVIDE BY % 2 ZIP Code 78203 2389 827 1018 447 556 394 177 277 1293 4234 7378 0.57386826 57% 3 ZIP Code 78208 1332 789 780 460 373 224 92 127 892 2901 5069 0.57230223 57% 4 ZIP Code 78215 434 159 64 141 55 33 0 49 294 657 1229 0.53458096 53% 5 ZIP Code 78207 15894 6370 5891 5672 3819 3221 940 1627 12239 28155 55673 0.50572091 51% 6 ZIP Code 78237 7138 4556 4451 3568 3409 2893 1259 1816 9468 16145 38558 0.41871985 42% 7 ZIP Code 78205 81 102 202 124 53 65 0 70 272 385 969 0.39731682 40% 8 ZIP Code 78202 2054 1198 1296 1257 1037 917 375 585 2991 4548 11710 0.38838599 39% 9 ZIP Code 78211 5042 2614 3401 3522 2550 3023 825 1336 8152 11057 30465 0.36294108 36% 10 ZIP Code 78204 1227 1187 1367 1133 1089 1003 275 335 3683 3781 11299 0.33463138 33% 11 ZIP Code 78210 5532 3212 4065 3501 3052 2722 874 1273 14140 12809 38371 0.33381981 33% 12 ZIP Code 78214 3335 2517 1771 2142 1905 1780 795 1047 7904 7623 23196 0.32863425 33% 13 ZIP Code 78242 3705 1983 1815 1615 2049 1844 612 749 9893 7503 24265 0.3092108 31% 14 ZIP Code 78225 1717 1152 1327 1211 1074 1037 428 530 5294 4196 13770 0.30472041 30% 15 ZIP Code 78264 372 277 443 435 180 312 67 230 1399 1092 3715 0.29394347 29% 16 ZIP Code 78201 5210 3218 3597 3209 3852 3045 1410 1656 18116 12025 43313 0.27763027 28% 17 ZIP Code 78220 2610 1135 1012 1519 912 906 420 514 8044 4757 17072 0.27864339 28% 18 ZIP Code 78212 3018 1870 2436 1786 1444 1573 708 856 13150 7324 26841 0.27286614 27% 19 ZIP Code 78226 1106 478 266 972 584 399 83 514 2693 1850 7095 0.260747 26% 20 ZIP Code 78221 3419 2550 2720 2757 3782 2590 843 1234 15063 8689 34958 0.24855541 25% 21 ZIP Code 78228 5990 4034 3780 4516 4180 3897 976 2318 26503 13804 56194 0.245649 25% 22 ZIP Code 78224 1299 981 1156 1103 1274 1426 399 778 6093 3436 14509 0.23681853 24% 23 ZIP Code 78252 145 41 76 26 42 46 40 32 683 262 1131 0.2316534 23% 24 ZIP Code 78227 4189 2372 2653 3239 2822 3053 964 1536 21460 9214 42288 0.21788687 22% 25 ZIP Code 78223 3613 1728 2415 2268 2828 3166 822 1542 19068 7756 37450 0.2071028 21% 26 ZIP Code 78219 1517 518 596 956 995 815 302 509 8036 2631 14244 0.18470935 18% 27 ZIP Code 78257 102 32 95 48 69 104 20 13 809 229 1292 0.17724458 18% 28 ZIP Code 78229 1986 527 1131 1384 1151 1122 460 671 13440 3644 21872 0.16660571 17% 29 ZIP Code 78216 2022 895 1165 1476 1110 1386 585 590 20856 4082 30085 0.13568223 14% 30 ZIP Code 78209 1842 1032 1498 1209 964 1707 365 617 24543 4372 33777 0.12943719 13% 31 ZIP Code 78213 1852 1410 1315 2107 2073 1930 715 1089 23584 4577 36075 0.12687457 13% 32 ZIP Code 78218 1863 663 1217 1795 1487 1511 801 758 18954 3743 29049 0.12885125 13% 33 ZIP Code 78241 81 8 54 78 220 65 65 30 461 143 1062 0.1346516 13% 34 ZIP Code 78256 80 30 54 59 119 9 12 43 885 164 1291 0.12703331 13% 35 ZIP Code 78238 1037 655 721 899 901 1143 502 521 14111 2413 20490 0.11776476 12% 36 ZIP Code 78222 697 298 374 509 751 459 388 188 8466 1369 12130 0.11286068 11% 37 ZIP Code 78240 2083 555 873 1012 1034 1316 544 1023 24993 3511 33433 0.105016 11% 38 ZIP Code 78217 1453 502 747 1108 642 931 362 838 20976 2702 27559 0.0980442 10% 39 ZIP Code 78239 931 466 565 687 512 929 625 704 15912 1962 21331 0.09197881 9% 40 ZIP Code 78023 139 104 52 87 81 69 77 85 2904 295 3598 0.08198999 8% 41 ZIP Code 78245 697 418 486 544 683 868 574 834 15134 1601 20238 0.07910861 8% 42 ZIP Code 78230 1003 500 708 834 915 1136 318 574 23801 2211 29789 0.07422203 7% 43 ZIP Code 78233 794 705 977 890 1329 1685 412 1266 28185 2476 36243 0.06831664 7% 44 ZIP Code 78236 0 0 209 363 314 394 168 205 1186 209 2839 0.07361747 7% 45 ZIP Code 78235 5 13 15 78 15 92 0 20 348 33 586 0.05631399 6% 46 ZIP Code 78244 420 107 317 520 917 357 251 501 10426 844 13816 0.06108859 6% 47 ZIP Code 78253 51 60 99 48 39 158 8 0 3309 210 3772 0.05567338 6% 48 ZIP Code 78234 10 0 200 439 525 615 213 205 2208 210 4415 0.04756512 5% 49 ZIP Code 78249 547 249 216 364 468 648 425 457 15456 1012 18830 0.05374403 5% 50 ZIP Code 78251 440 226 167 298 563 863 481 633 11667 833 15338 0.05430956 5% 51 ZIP Code 78255 79 12 28 136 10 38 18 23 2143 119 2487 0.04784881 5% 52 ZIP Code 78263 49 44 57 133 151 179 39 57 2131 150 2840 0.0528169 5% 53 ZIP Code 78261 0 0 17 0 63 0 31 27 340 17 478 0.03556485 4% 54 ZIP Code 78266 51 24 13 35 36 10 16 20 1765 88 1970 0.04467005 4% 55 ZIP Code 78231 135 38 19 77 85 105 33 122 6861 192 7475 0.02568562 3% 56 ZIP Code 78232 449 189 308 284 408 560 91 302 24636 946 27227 0.03474492 3% 57 ZIP Code 78247 496 106 171 594 645 591 192 318 22218 773 25331 0.03051597 3% 58 ZIP Code 78250 630 268 498 1055 1014 1691 440 942 37152 1396 43690 0.03195239 3% 59 ZIP Code 78254 25 12 6 55 25 80 21 11 1071 43 1306 0.03292496 3% 60 ZIP Code 78258 33 0 14 38 48 12 34 32 2743 47 2954 0.01591063 2% 61 ZIP Code 78259 24 7 44 6 94 78 0 72 3411 75 3736 0.02007495 2% 62 ZIP Code 78260 10 0 28 102 28 109 52 52 1279 38 1660 0.02289157 2% 63 ZIP Code 78248 8 32 20 7 51 46 0 148 4210 60 4522 0.01326847 1% 64 65 SOURCE : Steven Manson, Jonathan Schroeder, David Van Riper, and Steven Ruggles.

IPUMS National Historical Geographic Information System: Version 12.0

[Database]. Minneapolis: University of Minnesota. 2017.

http://doi.org/10.18128/D050.V12.0 (downloaded by PolitiFact Texas, April 25, 2018)

66 67 68 69 70 71 72 73 74 75 76 77 78 79 80 81 82 83 84 85 86 87 88 89 90 91 92 93 94 95 96 97 98 99 100

Loading... Loading...

Quotes are not sourced from all markets and may be delayed by up to 20 minutes. Information is provided 'as is' and solely for informational purposes, not for trading purposes or advice.Disclaimer Sheet1

A browser error has occurred.

Please press Ctrl-F5 to refresh the page and try again.

A browser error has occurred.

Please hold the Shift key and click the Refresh button to try again.