laborforceparticipationstats
Still loading...

A B C D E F G H I J K L M N O P Q R S T U V W X Y Z AA AB AC AD AE AF AG AH AI AJ AK AL AM AN AO AP AQ AR AS AT AU AV AW AX AY AZ BA BB BC BD BE BF BG BH BI BJ BK BL BM BN BO BP BQ BR BS BT BU BV BW BX BY BZ CA CB CC CD CE CF CG CH CI CJ CK CL CM CN CO CP CQ CR CS CT CU CV 1 Labor Force Statistics from the Current Population Survey 2 Original Data Value 3 4 Series Id: LNS11300000 5 Seasonally Adjusted 6 Series title: (Seas) Labor Force Participation Rate 7 Labor force status: Civilian labor force participation rate 8 Type of data: Percent or rate 9 Age: 16 years and over 10 Years: 1970 to 2013 11 12 Year Jan Feb Mar Apr May Jun Jul Aug Sep Oct Nov Dec Annual 13 1970 60.4 60.4 60.6 60.6 60.3 60.2 60.4 60.3 60.2 60.4 60.4 60.4 14 1971 60.4 60.1 60.0 60.1 60.2 59.8 60.1 60.2 60.1 60.1 60.4 60.4 15 1972 60.2 60.2 60.5 60.4 60.4 60.4 60.4 60.6 60.4 60.3 60.3 60.5 16 1973 60.0 60.5 60.8 60.8 60.6 60.9 60.9 60.7 60.8 60.9 61.2 61.2 17 1974 61.3 61.4 61.3 61.1 61.2 61.2 61.4 61.2 61.4 61.3 61.3 61.2 18 1975 61.4 61.0 61.2 61.3 61.5 61.2 61.3 61.3 61.2 61.2 61.1 61.1 19 1976 61.3 61.3 61.3 61.6 61.5 61.5 61.8 61.8 61.6 61.6 61.9 61.8 20 1977 61.6 61.9 62.0 62.1 62.2 62.4 62.1 62.3 62.3 62.4 62.8 62.7 21 1978 62.8 62.7 62.8 63.0 63.1 63.3 63.2 63.2 63.3 63.3 63.5 63.6 22 1979 63.6 63.8 63.8 63.5 63.3 63.5 63.6 63.6 63.8 63.7 63.7 63.9 23 1980 64.0 64.0 63.7 63.8 63.9 63.7 63.8 63.7 63.6 63.7 63.8 63.6 24 1981 63.9 63.9 64.1 64.2 64.3 63.7 63.8 63.8 63.5 63.8 63.9 63.6 25 1982 63.7 63.8 63.8 63.9 64.2 63.9 64.0 64.1 64.1 64.1 64.2 64.1 26 1983 63.9 63.8 63.7 63.8 63.7 64.3 64.1 64.3 64.3 64.0 64.1 64.1 27 1984 63.9 64.1 64.1 64.3 64.5 64.6 64.6 64.4 64.4 64.4 64.5 64.6 28 1985 64.7 64.7 64.9 64.9 64.8 64.6 64.7 64.6 64.9 65.0 64.9 65.0 29 1986 64.9 65.0 65.1 65.1 65.2 65.4 65.4 65.3 65.4 65.4 65.4 65.3 30 1987 65.4 65.5 65.5 65.4 65.7 65.5 65.6 65.7 65.5 65.7 65.7 65.7 31 1988 65.8 65.9 65.7 65.8 65.7 65.8 65.9 66.1 65.9 66.0 66.2 66.1 32 1989 66.5 66.3 66.3 66.4 66.3 66.5 66.5 66.5 66.4 66.5 66.6 66.5 33 1990 66.8 66.7 66.7 66.6 66.6 66.4 66.5 66.5 66.4 66.4 66.4 66.4 34 1991 66.2 66.2 66.3 66.4 66.2 66.2 66.1 66.0 66.2 66.1 66.1 66.0 35 1992 66.3 66.2 66.4 66.5 66.6 66.7 66.7 66.6 66.5 66.2 66.3 66.3 36 1993 66.2 66.2 66.2 66.1 66.4 66.5 66.4 66.4 66.2 66.3 66.3 66.4 37 1994 66.6 66.6 66.5 66.5 66.6 66.4 66.4 66.6 66.6 66.7 66.7 66.7 38 1995 66.8 66.8 66.7 66.9 66.5 66.5 66.6 66.6 66.6 66.6 66.5 66.4 39 1996 66.4 66.6 66.6 66.7 66.7 66.7 66.9 66.7 66.9 67.0 67.0 67.0 40 1997 67.0 66.9 67.1 67.1 67.1 67.1 67.2 67.2 67.1 67.1 67.2 67.2 41 1998 67.1 67.1 67.1 67.0 67.0 67.0 67.0 67.0 67.2 67.2 67.1 67.2 42 1999 67.2 67.2 67.0 67.1 67.1 67.1 67.1 67.0 67.0 67.0 67.1 67.1 43 2000 67.3 67.3 67.3 67.3 67.1 67.1 66.9 66.9 66.9 66.8 66.9 67.0 44 2001 67.2 67.1 67.2 66.9 66.7 66.7 66.8 66.5 66.8 66.7 66.7 66.7 45 2002 66.5 66.8 66.6 66.7 66.7 66.6 66.5 66.6 66.7 66.6 66.4 66.3 46 2003 66.4 66.4 66.3 66.4 66.4 66.5 66.2 66.1 66.1 66.1 66.1 65.9 47 2004 66.1 66.0 66.0 65.9 66.0 66.1 66.1 66.0 65.8 65.9 66.0 65.9 48 2005 65.8 65.9 65.9 66.1 66.1 66.1 66.1 66.2 66.1 66.1 66.0 66.0 49 2006 66.0 66.1 66.2 66.1 66.1 66.2 66.1 66.2 66.1 66.2 66.3 66.4 50 2007 66.4 66.3 66.2 65.9 66.0 66.0 66.0 65.8 66.0 65.8 66.0 66.0 51 2008 66.2 66.0 66.1 65.9 66.1 66.1 66.1 66.1 66.0 66.0 65.9 65.8 52 2009 65.7 65.8 65.6 65.7 65.7 65.7 65.5 65.4 65.1 65.0 65.0 64.6 53 2010 64.8 64.9 64.9 65.2 64.9 64.6 64.6 64.7 64.6 64.4 64.6 64.3 54 2011 64.2 64.2 64.2 64.2 64.2 64.0 64.0 64.1 64.2 64.1 64.1 64.0 55 2012 63.7 63.9 63.8 63.7 63.8 63.8 63.7 63.5 63.6 63.7 63.6 63.6 56 2013 63.6 63.5 63.3 63.4 63.4 63.5 63.4 63.2 63.2 62.8 63.0 62.8

Loading... Loading...

Quotes are not sourced from all markets and may be delayed by up to 20 minutes. Information is provided 'as is' and solely for informational purposes, not for trading purposes or advice.Disclaimer BLS Data Series

A browser error has occurred.

Please press Ctrl-F5 to refresh the page and try again.

A browser error has occurred.

Please hold the Shift key and click the Refresh button to try again.