111617 texasjoblessrate1976092017bls
Still loading...

A B C D E F G H I J K L M N O P Q R S T U V W X Y Z 1 Local Area Unemployment Statistics 2 Original Data Value 3 4 Series Id: LASST480000000000003 5 Seasonally Adjusted 6 Area: Texas 7 Area Type: Statewide 8 State/Region/Division: Texas 9 Years: 1976 to 2017 10 11 Year Jan Feb Mar Apr May Jun Jul Aug Sep Oct Nov Dec Annual 12 1976 5.9 5.9 5.9 5.9 5.9 5.8 5.8 5.7 5.7 5.7 5.7 5.7 13 1977 5.7 5.6 5.5 5.4 5.3 5.2 5.2 5.2 5.2 5.2 5.2 5.2 14 1978 5.1 5.0 4.9 4.8 4.8 4.7 4.7 4.7 4.7 4.7 4.7 4.6 15 1979 4.5 4.4 4.3 4.3 4.3 4.3 4.4 4.3 4.3 4.3 4.3 4.4 16 1980 4.6 4.8 5.0 5.2 5.3 5.3 5.4 5.3 5.3 5.3 5.2 5.2 17 1981 5.2 5.2 5.2 5.2 5.2 5.2 5.3 5.3 5.3 5.4 5.5 5.6 18 1982 5.7 5.9 6.0 6.2 6.4 6.7 6.9 7.2 7.5 7.8 8.0 8.3 19 1983 8.4 8.5 8.4 8.3 8.2 8.1 8.0 7.8 7.7 7.4 7.2 7.0 20 1984 6.7 6.5 6.3 6.2 5.9 5.8 5.8 5.8 5.9 6.0 6.2 6.3 21 1985 6.4 6.6 6.7 6.8 6.9 7.1 7.2 7.2 7.3 7.3 7.4 7.5 22 1986 7.7 8.0 8.3 8.6 8.8 8.9 9.0 9.1 9.2 9.2 9.2 9.1 23 1987 9.0 8.9 8.8 8.6 8.5 8.5 8.4 8.3 8.2 8.1 8.0 8.0 24 1988 7.9 7.7 7.6 7.5 7.4 7.3 7.3 7.2 7.2 7.1 7.0 7.0 25 1989 6.9 6.8 6.7 6.7 6.7 6.7 6.7 6.7 6.6 6.5 6.5 6.4 26 1990 6.3 6.3 6.3 6.2 6.2 6.3 6.3 6.3 6.4 6.5 6.5 6.6 27 1991 6.7 6.7 6.8 6.8 6.8 6.8 6.8 6.9 7.0 7.1 7.3 7.4 28 1992 7.5 7.6 7.7 7.7 7.7 7.7 7.7 7.6 7.6 7.6 7.6 7.5 29 1993 7.5 7.4 7.3 7.2 7.2 7.1 7.1 7.1 7.0 7.0 7.0 7.0 30 1994 6.9 6.9 6.8 6.7 6.7 6.6 6.5 6.4 6.2 6.1 6.0 5.9 31 1995 5.8 5.8 5.9 6.0 6.0 6.1 6.2 6.2 6.2 6.2 6.1 6.1 32 1996 6.0 6.0 5.9 5.8 5.7 5.6 5.5 5.5 5.5 5.5 5.6 5.6 33 1997 5.7 5.6 5.6 5.5 5.4 5.3 5.3 5.2 5.1 5.0 5.0 4.9 34 1998 4.9 4.8 4.8 4.8 4.9 4.9 4.9 4.9 4.9 4.8 4.8 4.7 35 1999 4.6 4.6 4.6 4.6 4.7 4.7 4.7 4.7 4.7 4.7 4.7 4.7 36 2000 4.6 4.6 4.5 4.4 4.3 4.3 4.2 4.2 4.1 4.1 4.0 4.0 37 2001 4.1 4.2 4.3 4.5 4.7 4.8 5.0 5.2 5.4 5.6 5.8 6.0 38 2002 6.1 6.2 6.3 6.3 6.4 6.4 6.4 6.4 6.4 6.5 6.5 6.6 39 2003 6.7 6.7 6.8 6.8 6.9 6.9 6.9 6.8 6.7 6.5 6.4 6.3 40 2004 6.2 6.2 6.1 6.1 6.0 5.9 5.8 5.8 5.8 5.8 5.8 5.7 41 2005 5.7 5.6 5.5 5.4 5.3 5.3 5.2 5.3 5.3 5.3 5.3 5.3 42 2006 5.2 5.2 5.1 5.1 5.1 5.0 4.9 4.8 4.7 4.6 4.5 4.4 43 2007 4.4 4.3 4.3 4.2 4.2 4.2 4.2 4.3 4.3 4.3 4.3 4.3 44 2008 4.3 4.3 4.4 4.4 4.5 4.7 4.8 5.0 5.1 5.3 5.6 5.8 45 2009 6.1 6.3 6.5 6.7 7.6 8.1 8.3 8.4 8.4 8.4 8.3 8.3 46 2010 8.3 8.3 8.3 8.2 8.1 8.0 8.0 8.0 8.0 8.0 8.0 8.0 47 2011 8.0 7.9 7.8 7.8 7.8 7.8 7.8 7.7 7.6 7.5 7.3 7.2 48 2012 7.1 7.0 6.9 6.8 6.8 6.7 6.6 6.5 6.4 6.4 6.4 6.4 49 2013 6.4 6.4 6.4 6.3 6.3 6.2 6.1 6.0 5.9 5.9 5.8 5.7 50 2014 5.6 5.5 5.4 5.3 5.2 5.1 5.0 4.9 4.8 4.7 4.6 4.5 51 2015 4.4 4.4 4.4 4.4 4.4 4.4 4.4 4.4 4.5 4.5 4.5 4.5 52 2016 4.5 4.6 4.6 4.6 4.7 4.7 4.7 4.7 4.7 4.8 4.8 4.8 53 2017 4.8 4.9 5.0 5.0 4.8 4.6 4.3 4.2 4.0 54 55 56 57 58 59 60 61 62 63 64 65 66 67 68 69 70 71 72 73 74 75 76 77 78 79 80 81 82 83 84 85 86 87 88 89 90 91 92 93 94 95 96 97 98 99 100

Loading... Loading...

Quotes are not sourced from all markets and may be delayed up to 20 minutes. Information is provided 'as is' and solely for informational purposes, not for trading purposes or advice.Disclaimer BLS Data Series

A browser error has occurred.

Please press Ctrl-F5 to refresh the page and try again.

A browser error has occurred.

Please hold the Shift key and click the Refresh button to try again.