Teacher pay and rankings 2011 to present
Still loading...

A B C D E F G H I J K L M N O P Q R S T U V W X Y Z 1 Region 2011-12 salary 2014-15 salary Dollar change Percent change 2011-12 to 2014-15 Higher raise than NC by 2015? 2015-16 salary Percent change 2011-12 to 2015-16 Higher raise than NC by 2016? 2016-17 salary (preliminary) Percent change 2011-12 to 2016-17 2 Alabama 48,003 48,611 608 1.266587505 48,518 1.072849614 3 Alaska 62,425 66,755 4,330 6.936323588 Y 67,443 8.038446135 Y 4 Arizona 48,691 45,406 -3,285 -6.746626687 47,218 -3.025199729 5 Arkanas 46,314 47,823 1,509 3.258194067 48,218 4.111067928 6 California 68,531 72,535 4,004 5.842611373 Y 77179 12.61910668 Y 7 Colorado 49,049 49,828 779 1.588207711 46155 -5.900222227 8 Conn 69,465 71,709 2,244 3.2304038 72013 3.668034262 9 DC 68,720 75,490 6,770 9.851571595 Y 75810 10.31722934 Y 10 Delaware 58,800 59,195 395 0.6717687075 59,960 1.972789116 11 FL 46,504 48,992 2,488 5.350077413 Y 49199 5.795200413 Y 12 GA 52,938 53,382 444 0.8387169897 54,190 2.365030791 13 Hawaii 54,070 57,189 3,119 5.768448308 Y 57,431 6.216016275 Y 14 Idaho 48,551 45,218 -3,473 -7.153302713 46,122 -5.00298655 15 Illinois 57,636 61,083 3,447 5.980637102 Y 61,342 6.430009022 Y 16 Indiana 50,516 50,877 361 0.7146250693 50,715 0.393934595 17 Iowa 50,240 53,408 3,168 6.305732484 Y 54,416 8.312101911 Y 18 Kansas 46,718 48,990 2,272 4.863221884 Y 47,755 2.219701186 19 KY 49,730 51,155 1,425 2.865473557 52,134 4.834104162 Y 20 Louisiana 50,179 47,886 -2,293 -4.569640686 49,745 -0.864903645 21 Maine 47,338 50,017 2,679 5.659301196 Y 50,498 6.6753982 Y 22 Mass 70,959 75,398 4,439 6.255725137 Y 76,981 8.486590848 Y 23 MD 63,634 65,477 1,843 2.896250432 66,456 4.434736147 Y 24 Michigan 61,560 63,856 2,296 3.729694607 62,028 0.7602339181 25 Minnesota 54,959 56,670 1,711 3.113229862 56,913 3.555377645 26 Mississippi 41,976 42,564 588 1.400800457 42,744 1.829616924 27 Missouri 46,406 47,409 1,003 2.161358445 47,957 3.342240228 28 Montana 47,839 50,670 2,831 5.91776584 Y 51,034 6.67865131 Y 29 NC 45,933 47,819 1,886 4.10598045 47,941 4.371584699 49,837 8.499335989 30 Nebraska 48,154 50,525 2,371 4.923786186 Y 51,386 6.711799643 Y 31 Nevada 54,559 56,703 2,144 3.929690793 56,943 4.369581554 32 New Mexico 45,622 46,625 1,003 2.198500723 47,163 3.377756346 33 NH 54,177 58,554 4,377 8.079074146 Y 56,616 4.501910405 Y 34 NJ 67,078 69,038 1,960 2.921971436 69,330 3.357285548 35 North Dakota 46,058 50,025 3,967 8.613053107 Y 50,472 9.583568544 Y 36 NY 73,398 77,628 4,230 5.763099812 Y 79,152 7.839450666 Y 37 Ohio 56,715 56,172 -543 -0.9574186723 56,441 -0.4831173411 38 Oklahoma 44,391 45,317 926 2.086008425 45,276 1.993647361 39 Oregon 56,941 59,811 2,870 5.040304877 Y 60,359 6.002704554 Y 40 Pennsylvania 61,934 64,447 2,513 4.057545129 65,151 5.194239029 Y 41 RI 62,186 65,918 3,732 6.001350786 Y 66,197 6.450004824 Y 42 SC 47,428 48,486 1,058 2.230749768 48,769 2.827443704 43 South Dakota 38,804 40,934 2,130 5.489124832 Y 42,025 8.30069065 Y 44 Tenn 47,082 47,979 897 1.905186696 48,217 2.410687736 45 Texas 48,373 50,713 2,340 4.837409299 Y 51,890 7.27058483 Y 46 USA 55,389 57,420 2,031 3.666793046 58,353 5.351243027 58,950 6.429074365 47 Utah 48,159 45,848 -2,311 -4.79868768 46,887 -2.641250857 48 Va 48,114 50,620 2,506 5.208463233 Y 50,834 5.653240221 Y 49 Vermont 51,306 57,642 6,336 12.34943281 Y 58,901 14.80333684 Y 50 Washington 52,232 52,502 270 0.5169244907 53,738 2.883289937 51 Wisconsin 53,792 54,535 743 1.381246282 54,115 0.6004610351 52 WVa 45,399 45,783 384 0.8458336087 45,622 0.4912002467 53 Wyoming 56,774 57,414 640 1.12727657 58,140 2.40603093 54 55 56 Total: 21 Total: 23 57 58 59 60 61 62 63 64 65 66 67 68 69 70 71 72 73 74 75 76 77 78 79 80 81 82 83 84 85 86 87 88 89 90 91 92 93 94 95 96 97 98 99 100

Loading... Loading...

Quotes are not sourced from all markets and may be delayed up to 20 minutes. Information is provided 'as is' and solely for informational purposes, not for trading purposes or advice.Disclaimer Sheet1

A browser error has occurred.

Please press Ctrl-F5 to refresh the page and try again.

A browser error has occurred.

Please hold the Shift key and click the Refresh button to try again.