A-13. Employment status of the civilian noninstitutional population by age, sex, and race
HOUSEHOLD DATA

NOT SEASONALLY ADJUSTED

A-13. Employment status of the civilian noninstitutional population by age, sex, and race [Numbers in thousands] Age, sex, and race April 2019 Civilian

noninsti-

tutional

population Civilian labor force Not

in

labor

force Total Percent

of

population Employed Unemployed Total Percent

of

population Number Percent

of

labor

force TOTAL 16 years and over 258,693 162,097 62.7 156,710 60.6 5,387 3.3 96,596 16 to 19 years 16,696 5,300 31.7 4,672 28.0 628 11.9 11,395 16 to 17 years 8,792 1,800 20.5 1,543 17.5 257 14.3 6,993 18 to 19 years 7,903 3,500 44.3 3,129 39.6 371 10.6 4,403 20 to 24 years 21,066 14,986 71.1 14,114 67.0 871 5.8 6,081 25 to 54 years 126,265 103,860 82.3 100,890 79.9 2,970 2.9 22,405 25 to 34 years 44,818 36,937 82.4 35,602 79.4 1,335 3.6 7,880 25 to 29 years 22,959 18,742 81.6 17,977 78.3 765 4.1 4,217 30 to 34 years 21,859 18,195 83.2 17,625 80.6 570 3.1 3,663 35 to 44 years 40,851 33,847 82.9 33,001 80.8 845 2.5 7,005 35 to 39 years 21,311 17,613 82.6 17,158 80.5 454 2.6 3,699 40 to 44 years 19,540 16,234 83.1 15,843 81.1 391 2.4 3,306 45 to 54 years 40,596 33,077 81.5 32,287 79.5 790 2.4 7,520 45 to 49 years 20,237 16,805 83.0 16,433 81.2 372 2.2 3,431 50 to 54 years 20,360 16,271 79.9 15,854 77.9 418 2.6 4,088 55 to 64 years 42,215 27,583 65.3 26,969 63.9 614 2.2 14,632 55 to 59 years 21,676 15,698 72.4 15,345 70.8 353 2.2 5,977 60 to 64 years 20,539 11,885 57.9 11,623 56.6 261 2.2 8,655 65 years and over 52,451 10,367 19.8 10,065 19.2 303 2.9 42,083 65 to 69 years 17,266 5,837 33.8 5,674 32.9 163 2.8 11,429 70 to 74 years 13,888 2,623 18.9 2,536 18.3 87 3.3 11,264 75 years and over 21,297 1,907 9.0 1,854 8.7 53 2.8 19,390 Men 16 years and over 125,114 86,027 68.8 82,963 66.3 3,064 3.6 39,087 16 to 19 years 8,449 2,613 30.9 2,252 26.7 361 13.8 5,836 16 to 17 years 4,479 935 20.9 821 18.3 114 12.2 3,544 18 to 19 years 3,970 1,678 42.3 1,430 36.0 247 14.7 2,292 20 to 24 years 10,537 7,699 73.1 7,161 68.0 538 7.0 2,839 25 to 54 years 62,267 55,520 89.2 53,870 86.5 1,651 3.0 6,746 25 to 34 years 22,350 19,872 88.9 19,170 85.8 702 3.5 2,478 25 to 29 years 11,490 9,988 86.9 9,577 83.4 411 4.1 1,501 30 to 34 years 10,861 9,884 91.0 9,593 88.3 291 2.9 977 35 to 44 years 20,087 18,287 91.0 17,815 88.7 472 2.6 1,801 35 to 39 years 10,507 9,572 91.1 9,312 88.6 259 2.7 936 40 to 44 years 9,580 8,715 91.0 8,502 88.8 212 2.4 865 45 to 54 years 19,829 17,361 87.6 16,884 85.2 477 2.7 2,468 45 to 49 years 9,883 8,820 89.2 8,584 86.9 236 2.7 1,063 50 to 54 years 9,946 8,541 85.9 8,301 83.5 240 2.8 1,405 55 to 64 years 20,314 14,529 71.5 14,186 69.8 343 2.4 5,785 55 to 59 years 10,515 8,291 78.9 8,101 77.0 190 2.3 2,224 60 to 64 years 9,799 6,238 63.7 6,085 62.1 153 2.4 3,561 65 years and over 23,547 5,666 24.1 5,495 23.3 172 3.0 17,881 65 to 69 years 8,080 3,110 38.5 3,009 37.2 100 3.2 4,971 70 to 74 years 6,456 1,462 22.7 1,412 21.9 50 3.5 4,993 75 years and over 9,011 1,094 12.1 1,074 11.9 21 1.9 7,917 Women 16 years and over 133,579 76,069 56.9 73,747 55.2 2,323 3.1 57,510 16 to 19 years 8,247 2,688 32.6 2,420 29.3 268 10.0 5,560 16 to 17 years 4,313 865 20.0 721 16.7 144 16.6 3,449 18 to 19 years 3,934 1,823 46.3 1,699 43.2 124 6.8 2,111 20 to 24 years 10,529 7,287 69.2 6,954 66.0 333 4.6 3,242 25 to 54 years 63,999 48,340 75.5 47,020 73.5 1,320 2.7 15,659 25 to 34 years 22,467 17,065 76.0 16,432 73.1 633 3.7 5,403 25 to 29 years 11,469 8,754 76.3 8,400 73.2 354 4.0 2,716 30 to 34 years 10,998 8,311 75.6 8,032 73.0 279 3.4 2,687 35 to 44 years 20,764 15,560 74.9 15,186 73.1 374 2.4 5,204 35 to 39 years 10,804 8,041 74.4 7,846 72.6 195 2.4 2,763 40 to 44 years 9,960 7,519 75.5 7,341 73.7 178 2.4 2,441 45 to 54 years 20,767 15,715 75.7 15,402 74.2 313 2.0 5,052 45 to 49 years 10,354 7,985 77.1 7,849 75.8 136 1.7 2,369 50 to 54 years 10,413 7,730 74.2 7,553 72.5 177 2.3 2,683 55 to 64 years 21,901 13,054 59.6 12,782 58.4 271 2.1 8,847 55 to 59 years 11,160 7,407 66.4 7,244 64.9 163 2.2 3,753 60 to 64 years 10,741 5,647 52.6 5,538 51.6 109 1.9 5,094 65 years and over 28,904 4,701 16.3 4,570 15.8 131 2.8 24,202 65 to 69 years 9,185 2,728 29.7 2,665 29.0 63 2.3 6,458 70 to 74 years 7,432 1,161 15.6 1,124 15.1 37 3.2 6,271 75 years and over 12,286 813 6.6 781 6.4 32 3.9 11,473 WHITE 16 years and over 200,576 125,627 62.6 122,036 60.8 3,591 2.9 74,950 16 to 19 years 12,254 4,136 33.8 3,713 30.3 423 10.2 8,118 16 to 17 years 6,395 1,407 22.0 1,240 19.4 167 11.9 4,988 18 to 19 years 5,859 2,729 46.6 2,473 42.2 256 9.4 3,130 20 to 24 years 15,440 11,249 72.9 10,703 69.3 546 4.9 4,191 25 to 54 years 94,937 78,776 83.0 76,866 81.0 1,911 2.4 16,161 25 to 34 years 32,807 27,365 83.4 26,554 80.9 812 3.0 5,442 25 to 29 years 16,639 13,766 82.7 13,324 80.1 442 3.2 2,874 30 to 34 years 16,168 13,599 84.1 13,230 81.8 369 2.7 2,568 35 to 44 years 30,706 25,656 83.6 25,101 81.7 556 2.2 5,050 35 to 39 years 15,965 13,300 83.3 13,013 81.5 287 2.2 2,665 40 to 44 years 14,741 12,357 83.8 12,088 82.0 268 2.2 2,385 45 to 54 years 31,424 25,755 82.0 25,211 80.2 544 2.1 5,669 45 to 49 years 15,495 12,833 82.8 12,575 81.2 258 2.0 2,662 50 to 54 years 15,929 12,922 81.1 12,636 79.3 286 2.2 3,007 55 to 64 years 33,908 22,638 66.8 22,185 65.4 453 2.0 11,270 55 to 59 years 17,383 12,868 74.0 12,615 72.6 253 2.0 4,516 60 to 64 years 16,525 9,770 59.1 9,570 57.9 200 2.0 6,755 65 years and over 44,037 8,827 20.0 8,569 19.5 258 2.9 35,210 65 to 69 years 14,156 4,885 34.5 4,757 33.6 128 2.6 9,271 70 to 74 years 11,594 2,264 19.5 2,183 18.8 81 3.6 9,330 75 years and over 18,288 1,679 9.2 1,629 8.9 50 3.0 16,609 Men 16 years and over 98,093 67,911 69.2 65,809 67.1 2,103 3.1 30,182 16 to 19 years 6,232 2,059 33.0 1,794 28.8 265 12.9 4,172 16 to 17 years 3,241 735 22.7 646 19.9 89 12.0 2,507 18 to 19 years 2,990 1,324 44.3 1,148 38.4 176 13.3 1,666 20 to 24 years 7,777 5,872 75.5 5,532 71.1 340 5.8 1,905 25 to 54 years 47,555 42,917 90.2 41,827 88.0 1,090 2.5 4,638 25 to 34 years 16,560 14,954 90.3 14,499 87.6 455 3.0 1,606 25 to 29 years 8,406 7,428 88.4 7,172 85.3 256 3.4 978 30 to 34 years 8,154 7,526 92.3 7,327 89.9 199 2.6 628 35 to 44 years 15,378 14,196 92.3 13,878 90.2 318 2.2 1,182 35 to 39 years 8,011 7,381 92.1 7,211 90.0 170 2.3 630 40 to 44 years 7,368 6,815 92.5 6,667 90.5 148 2.2 553 45 to 54 years 15,616 13,767 88.2 13,450 86.1 317 2.3 1,849 45 to 49 years 7,712 6,868 89.1 6,715 87.1 153 2.2 844 50 to 54 years 7,905 6,899 87.3 6,735 85.2 164 2.4 1,005 55 to 64 years 16,526 12,135 73.4 11,871 71.8 265 2.2 4,391 55 to 59 years 8,530 6,897 80.9 6,760 79.3 137 2.0 1,633 60 to 64 years 7,996 5,238 65.5 5,110 63.9 128 2.4 2,758 65 years and over 20,004 4,928 24.6 4,784 23.9 143 2.9 15,076 65 to 69 years 6,733 2,682 39.8 2,600 38.6 81 3.0 4,051 70 to 74 years 5,444 1,283 23.6 1,239 22.8 44 3.4 4,162 75 years and over 7,827 963 12.3 945 12.1 18 1.9 6,864 Women 16 years and over 102,483 57,715 56.3 56,227 54.9 1,488 2.6 44,768 16 to 19 years 6,022 2,077 34.5 1,919 31.9 158 7.6 3,946 16 to 17 years 3,153 672 21.3 593 18.8 78 11.7 2,482 18 to 19 years 2,869 1,405 49.0 1,325 46.2 80 5.7 1,464 20 to 24 years 7,663 5,377 70.2 5,171 67.5 206 3.8 2,286 25 to 54 years 47,382 35,859 75.7 35,038 73.9 821 2.3 11,523 25 to 34 years 16,247 12,411 76.4 12,055 74.2 356 2.9 3,836 25 to 29 years 8,233 6,338 77.0 6,152 74.7 186 2.9 1,895 30 to 34 years 8,013 6,073 75.8 5,903 73.7 170 2.8 1,940 35 to 44 years 15,328 11,461 74.8 11,223 73.2 238 2.1 3,867 35 to 39 years 7,954 5,919 74.4 5,801 72.9 118 2.0 2,035 40 to 44 years 7,373 5,541 75.2 5,421 73.5 120 2.2 1,832 45 to 54 years 15,808 11,988 75.8 11,761 74.4 227 1.9 3,820 45 to 49 years 7,783 5,965 76.6 5,859 75.3 105 1.8 1,818 50 to 54 years 8,024 6,023 75.1 5,901 73.5 121 2.0 2,002 55 to 64 years 17,382 10,503 60.4 10,314 59.3 188 1.8 6,879 55 to 59 years 8,854 5,971 67.4 5,855 66.1 116 1.9 2,883 60 to 64 years 8,528 4,532 53.1 4,459 52.3 73 1.6 3,996 65 years and over 24,034 3,900 16.2 3,785 15.7 115 2.9 20,134 65 to 69 years 7,423 2,203 29.7 2,157 29.1 46 2.1 5,220 70 to 74 years 6,149 981 16.0 944 15.4 37 3.7 5,168 75 years and over 10,461 716 6.8 684 6.5 32 4.5 9,745 BLACK OR AFRICAN AMERICAN 16 years and over 32,955 20,537 62.3 19,262 58.4 1,275 6.2 12,418 16 to 19 years 2,469 681 27.6 527 21.3 155 22.7 1,788 16 to 17 years 1,341 247 18.4 174 12.9 74 29.8 1,094 18 to 19 years 1,128 434 38.5 353 31.3 81 18.6 694 20 to 24 years 3,110 2,156 69.3 1,934 62.2 223 10.3 954 25 to 54 years 17,301 13,924 80.5 13,170 76.1 754 5.4 3,377 25 to 34 years 6,613 5,319 80.4 4,973 75.2 345 6.5 1,294 25 to 29 years 3,556 2,831 79.6 2,599 73.1 232 8.2 725 30 to 34 years 3,057 2,488 81.4 2,375 77.7 113 4.5 569 35 to 44 years 5,456 4,431 81.2 4,215 77.3 217 4.9 1,024 35 to 39 years 2,864 2,339 81.7 2,209 77.1 130 5.5 525 40 to 44 years 2,592 2,093 80.7 2,006 77.4 87 4.2 499 45 to 54 years 5,233 4,174 79.8 3,982 76.1 192 4.6 1,058 45 to 49 years 2,625 2,181 83.1 2,101 80.0 80 3.7 443 50 to 54 years 2,608 1,993 76.4 1,881 72.1 112 5.6 615 55 to 64 years 5,086 2,913 57.3 2,802 55.1 111 3.8 2,173 55 to 59 years 2,668 1,708 64.0 1,638 61.4 71 4.1 960 60 to 64 years 2,418 1,204 49.8 1,164 48.1 40 3.3 1,214 65 years and over 4,989 862 17.3 829 16.6 33 3.8 4,127 65 to 69 years 1,896 573 30.2 549 28.9 24 4.2 1,324 70 to 74 years 1,284 176 13.7 169 13.2 6 3.6 1,108 75 years and over 1,809 114 6.3 111 6.1 3 2.5 1,695 Men 16 years and over 15,062 9,734 64.6 9,044 60.0 690 7.1 5,329 16 to 19 years 1,225 285 23.2 217 17.7 68 23.9 941 16 to 17 years 684 111 16.2 93 13.6 18 16.5 573 18 to 19 years 541 173 32.1 124 22.9 50 28.6 367 20 to 24 years 1,502 1,062 70.7 919 61.2 143 13.5 440 25 to 54 years 7,995 6,681 83.6 6,273 78.5 408 6.1 1,314 25 to 34 years 3,145 2,624 83.4 2,473 78.6 151 5.7 521 25 to 29 years 1,717 1,411 82.2 1,304 75.9 107 7.6 306 30 to 34 years 1,428 1,213 85.0 1,169 81.9 44 3.6 215 35 to 44 years 2,483 2,088 84.1 1,964 79.1 124 5.9 395 35 to 39 years 1,312 1,115 85.0 1,039 79.1 76 6.8 197 40 to 44 years 1,171 973 83.1 925 79.0 48 4.9 198 45 to 54 years 2,367 1,969 83.2 1,836 77.6 133 6.8 397 45 to 49 years 1,179 1,035 87.8 974 82.6 61 5.9 144 50 to 54 years 1,188 934 78.6 862 72.6 72 7.7 254 55 to 64 years 2,304 1,352 58.7 1,299 56.4 54 4.0 951 55 to 59 years 1,208 807 66.8 765 63.3 42 5.2 401 60 to 64 years 1,096 546 49.8 534 48.7 12 2.1 550 65 years and over 2,036 354 17.4 337 16.5 17 4.8 1,683 65 to 69 years 796 224 28.2 217 27.2 8 3.4 572 70 to 74 years 573 84 14.6 77 13.5 6 7.6 490 75 years and over 667 46 6.9 43 6.5 3 - 621 Women 16 years and over 17,893 10,803 60.4 10,218 57.1 586 5.4 7,090 16 to 19 years 1,244 397 31.9 310 25.0 86 21.8 847 16 to 17 years 657 136 20.7 81 12.3 55 40.6 520 18 to 19 years 587 261 44.4 230 39.1 31 11.9 326 20 to 24 years 1,608 1,095 68.1 1,015 63.1 80 7.3 514 25 to 54 years 9,306 7,243 77.8 6,897 74.1 346 4.8 2,063 25 to 34 years 3,468 2,694 77.7 2,500 72.1 194 7.2 773 25 to 29 years 1,839 1,420 77.2 1,294 70.4 125 8.8 419 30 to 34 years 1,629 1,275 78.3 1,206 74.0 69 5.4 354 35 to 44 years 2,973 2,344 78.8 2,251 75.7 93 4.0 629 35 to 39 years 1,551 1,224 78.9 1,170 75.4 53 4.4 328 40 to 44 years 1,422 1,120 78.8 1,081 76.0 40 3.5 301 45 to 54 years 2,866 2,205 76.9 2,146 74.9 59 2.7 661 45 to 49 years 1,446 1,146 79.3 1,127 78.0 19 1.6 300 50 to 54 years 1,420 1,059 74.6 1,019 71.7 40 3.8 361 55 to 64 years 2,782 1,560 56.1 1,503 54.0 57 3.7 1,222 55 to 59 years 1,460 902 61.8 873 59.8 29 3.2 558 60 to 64 years 1,322 658 49.8 630 47.7 28 4.3 664 65 years and over 2,953 509 17.2 493 16.7 16 3.2 2,444 65 to 69 years 1,100 349 31.7 332 30.2 16 4.6 752 70 to 74 years 710 92 13.0 92 13.0 0 0.0 618 75 years and over 1,142 68 6.0 68 6.0 0 - 1,074 ASIAN 16 years and over 16,290 10,166 62.4 9,954 61.1 212 2.1 6,124 16 to 19 years 983 167 17.0 163 16.5 4 2.5 817 16 to 17 years 544 60 11.1 60 11.1 0 - 484 18 to 19 years 439 107 24.3 102 23.3 4 4.0 333 20 to 24 years 1,348 699 51.9 672 49.9 27 3.9 649 25 to 54 years 9,260 7,360 79.5 7,217 77.9 143 1.9 1,900 25 to 34 years 3,363 2,589 77.0 2,527 75.1 62 2.4 774 25 to 29 years 1,676 1,251 74.6 1,233 73.5 18 1.5 425 30 to 34 years 1,686 1,338 79.3 1,294 76.8 44 3.3 348 35 to 44 years 3,180 2,530 79.5 2,473 77.8 57 2.2 650 35 to 39 years 1,683 1,297 77.0 1,270 75.4 27 2.1 387 40 to 44 years 1,497 1,233 82.4 1,203 80.4 30 2.4 264 45 to 54 years 2,718 2,241 82.5 2,217 81.6 24 1.1 476 45 to 49 years 1,517 1,284 84.7 1,272 83.8 12 1.0 233 50 to 54 years 1,201 957 79.7 945 78.7 12 1.2 244 55 to 64 years 2,208 1,466 66.4 1,432 64.9 34 2.3 742 55 to 59 years 1,058 767 72.5 749 70.8 17 2.3 291 60 to 64 years 1,150 699 60.8 683 59.4 16 2.3 451 65 years and over 2,491 475 19.1 470 18.9 4 0.9 2,016 65 to 69 years 882 280 31.7 275 31.2 4 1.6 603 70 to 74 years 719 125 17.4 125 17.4 0 0.0 594 75 years and over 889 70 7.8 70 7.8 0 - 819 NOTE: Estimates for the above race groups will not sum to totals because data are not presented for all races. Updated population controls are introduced annually with the release of January data. Dash indicates no data or data that do not meet publication criteria (values not shown where base is less than 75,000).



Recommend this page using: LinkedIn