A-10. Unemployment rates by age, sex, and marital status, seasonally adjusted
HOUSEHOLD DATA

SEASONALLY ADJUSTED

A-10. Unemployment rates by age, sex, and marital status, seasonally adjusted [Percent] Age, sex, and marital status 2018 2019 Apr. May June July Aug. Sept. Oct. Nov. Dec. Jan. Feb. Mar. Apr. AGE AND SEX Total, 16 years and over 3.9 3.8 4.0 3.9 3.8 3.7 3.8 3.7 3.9 4.0 3.8 3.8 3.6 16 to 19 years 13.0 12.7 12.6 13.1 12.7 12.6 12.0 12.0 12.5 12.9 13.4 12.8 13.0 16 to 17 years 13.9 14.6 14.2 13.4 13.3 13.8 10.6 13.2 13.8 14.4 16.0 12.6 13.7 18 to 19 years 12.5 11.9 11.5 12.6 12.0 12.1 12.9 11.5 12.1 12.2 12.2 12.7 12.4 20 years and over 3.6 3.5 3.7 3.5 3.5 3.4 3.4 3.4 3.5 3.7 3.5 3.5 3.2 20 to 24 years 6.7 7.1 7.4 6.9 6.8 6.9 6.8 6.6 7.2 7.6 7.2 7.2 6.5 25 years and over 3.3 3.1 3.3 3.1 3.2 3.0 3.1 3.0 3.1 3.3 3.1 3.1 2.9 25 to 54 years 3.4 3.1 3.3 3.2 3.2 3.1 3.1 3.1 3.2 3.3 3.2 3.2 3.0 25 to 34 years 4.4 3.8 3.9 3.5 4.1 3.5 3.7 3.7 3.9 3.9 4.0 4.0 3.9 35 to 44 years 3.0 2.8 3.1 3.1 2.9 2.9 3.0 2.9 2.8 2.9 2.6 2.8 2.7 45 to 54 years 2.8 2.7 3.0 2.9 2.6 2.7 2.8 2.6 2.9 2.9 2.9 2.9 2.5 55 years and over 3.0 2.8 3.1 3.1 3.0 2.8 2.9 2.9 2.9 3.2 2.7 2.7 2.6

Men, 16 years and over 4.1 4.0 4.1 3.8 3.8 3.8 3.8 3.6 3.9 4.1 3.9 3.9 3.7 16 to 19 years 15.2 15.7 14.6 15.3 14.4 13.3 12.6 12.3 13.7 14.1 15.1 13.9 15.1 16 to 17 years 17.2 17.7 16.3 15.7 15.3 14.6 11.1 14.8 14.9 15.6 18.0 11.7 12.5 18 to 19 years 14.3 14.6 13.2 14.4 14.0 12.9 13.5 11.1 13.7 13.1 14.0 14.7 16.6 20 years and over 3.7 3.6 3.7 3.4 3.5 3.4 3.5 3.3 3.6 3.7 3.5 3.6 3.4 20 to 24 years 7.7 7.9 8.2 7.4 7.5 7.4 7.4 7.3 7.8 8.4 7.6 8.8 7.7 25 years and over 3.3 3.1 3.2 3.0 3.1 3.0 3.0 2.9 3.1 3.3 3.1 3.1 2.9 25 to 54 years 3.3 3.1 3.3 3.0 3.1 3.1 3.2 2.9 3.2 3.3 3.2 3.2 3.1 25 to 34 years 4.5 3.8 3.8 3.5 4.1 3.5 3.7 3.3 3.7 4.0 3.9 3.7 3.6 35 to 44 years 2.7 2.7 2.9 2.6 2.6 3.0 3.0 2.9 2.8 2.9 2.6 2.8 2.7 45 to 54 years 2.7 2.8 3.0 2.8 2.5 2.7 2.7 2.6 3.0 2.9 3.0 2.9 2.8 55 years and over 3.2 3.0 3.2 3.0 3.0 2.9 2.6 2.9 3.0 3.3 2.8 2.8 2.6

Women, 16 years and over 3.8 3.6 4.0 3.9 3.8 3.6 3.7 3.8 3.8 3.9 3.8 3.7 3.4 16 to 19 years 10.7 9.7 10.7 11.0 11.0 11.9 11.4 11.7 11.3 11.7 11.8 11.7 11.0 16 to 17 years 10.9 11.6 12.2 11.4 11.5 13.1 10.1 11.9 12.9 13.3 14.0 13.5 15.0 18 to 19 years 10.5 9.2 9.7 10.7 9.9 11.3 12.3 12.0 10.5 11.2 10.6 10.7 8.3 20 years and over 3.5 3.3 3.7 3.6 3.5 3.3 3.4 3.4 3.5 3.6 3.4 3.3 3.1 20 to 24 years 5.6 6.2 6.6 6.3 6.1 6.3 6.1 5.8 6.5 6.7 6.8 5.5 5.3 25 years and over 3.2 3.0 3.3 3.3 3.3 2.9 3.1 3.2 3.1 3.2 3.1 3.1 2.9 25 to 54 years 3.5 3.2 3.4 3.4 3.3 3.0 3.1 3.3 3.3 3.3 3.2 3.3 3.0 25 to 34 years 4.2 3.9 3.9 3.6 4.1 3.5 3.6 4.1 4.2 3.9 4.2 4.3 4.2 35 to 44 years 3.3 3.0 3.3 3.6 3.2 2.8 2.9 2.9 2.7 2.9 2.6 2.7 2.6 45 to 54 years 2.9 2.6 2.9 3.0 2.7 2.7 2.8 2.7 2.8 3.0 2.8 2.8 2.2 55 years and over 2.8 2.7 3.0 3.0 3.1 2.8 3.0 2.8 2.8 2.9 2.6 2.6 2.6

MARITAL STATUS Married men, spouse present 2.1 1.9 2.1 2.0 2.0 1.9 1.9 2.0 2.1 2.1 1.9 1.9 1.8 Married women, spouse present 2.4 2.3 2.5 2.5 2.5 2.1 2.3 2.3 2.3 2.4 2.3 2.4 1.8 NOTE: Updated population controls are introduced annually with the release of January data.

Recommend this page using: LinkedIn