Rhode Island City &Town Resident Population Estimates
Rhode Island City and Town Resident Population Estimates

Download (xlsx) (pdf)



Population Estimates Census

2010

Population City/Town 7/1/17 7/1/16 7/1/15 7/1/14 7/1/13 7/1/12 7/1/11 7/1/10 State of Rhode Island 1,059,639 1,057,566 1,055,916 1,054,782 1,052,784 1,052,761 1,052,154 1,053,169 1,052,567 Bristol County 48,912 48,878 49,096 49,047 49,207 49,214 49,212 49,808 49,875 Barrington 16,176 16,186 16,223 16,213 16,270 16,273 16,278 16,272 16,310 Bristol 22,290 22,226 22,369 22,331 22,389 22,377 22,355 22,941 22,954 Warren 10,446 10,466 10,504 10,503 10,548 10,564 10,579 10,595 10,611 Kent County 163,760 163,690 163,740 164,513 164,356 164,608 165,230 166,023 166,158 Coventry 34,933 34,873 34,813 34,883 34,876 34,929 35,049 35,009 35,014 East Greenwich 13,099 13,078 13,074 13,107 13,101 13,104 13,126 13,148 13,146 Warwick 80,871 80,958 81,070 81,667 81,490 81,633 81,970 82,584 82,672 West Greenwich 6,231 6,108 6,088 6,080 6,078 6,080 6,105 6,129 6,135 West Warwick 28,626 28,673 28,695 28,776 28,811 28,862 28,980 29,153 29,191 Newport County 83,460 83,495 83,419 82,822 82,824 83,119 83,152 83,132 82,888 Jamestown 5,535 5,497 5,498 5,501 5,482 5,447 5,423 5,405 5,405 Little Compton 3,518 3,516 3,515 3,520 3,512 3,491 3,490 3,493 3,492 Middletown 16,081 16,082 16,094 16,177 16,132 16,057 16,075 16,088 16,150 Newport 24,942 25,078 25,059 24,275 24,368 24,915 24,968 24,970 24,672 Portsmouth 17,510 17,472 17,425 17,458 17,432 17,370 17,372 17,378 17,389 Tiverton 15,874 15,850 15,828 15,891 15,898 15,839 15,824 15,798 15,780 Providence County 637,357 635,522 633,519 632,087 630,033 629,597 628,089 627,131 626,667 Burrillville 16,727 16,396 16,302 16,252 16,157 16,123 16,058 16,005 15,955 Central Falls 19,359 19,475 19,357 19,377 19,500 19,454 19,477 19,399 19,376 Cranston 81,202 81,065 81,051 80,963 80,651 80,656 80,511 80,445 80,387 Cumberland 34,927 34,725 34,456 34,256 34,082 33,918 33,712 33,558 33,506 East Providence 47,600 47,509 47,428 47,362 47,284 47,234 47,131 47,084 47,037 Foster 4,732 4,709 4,684 4,673 4,659 4,647 4,631 4,610 4,606 Glocester 10,135 10,058 9,983 9,924 9,873 9,835 9,793 9,756 9,746 Johnston 29,332 29,212 29,148 29,094 29,048 28,997 28,911 28,804 28,769 Lincoln 21,863 21,779 21,668 21,515 21,357 21,313 21,207 21,144 21,105 North Providence 32,511 32,442 32,346 32,250 32,184 32,146 32,072 32,060 32,078 North Smithfield 12,438 12,357 12,282 12,191 12,182 12,093 11,965 11,961 11,967 Pawtucket 72,001 71,867 71,757 71,662 71,500 71,438 71,292 71,208 71,148 Providence 180,393 179,954 179,408 179,230 178,480 178,651 178,300 178,083 178,042 Scituate 10,611 10,574 10,528 10,484 10,447 10,422 10,371 10,344 10,329 Smithfield 21,767 21,783 21,585 21,478 21,417 21,471 21,546 21,444 21,430 Woonsocket 41,759 41,617 41,536 41,376 41,212 41,199 41,112 41,226 41,186 Washington County 126,150 125,981 126,142 126,313 126,364 126,223 126,471 127,075 126,979 Charlestown 7,812 7,748 7,743 7,756 7,776 7,780 7,798 7,828 7,827 Exeter 6,527 6,540 6,569 6,594 6,558 6,537 6,473 6,443 6,425 Hopkinton 8,119 8,107 8,094 8,107 8,124 8,135 8,150 8,191 8,188 Narragansett 15,504 15,549 15,587 15,650 15,721 15,741 15,822 15,900 15,868 New Shoreham 1,036 1,041 1,042 1,041 1,040 1,042 1,046 1,050 1,051 North Kingstown 26,160 26,084 26,123 26,226 26,296 26,335 26,458 26,580 26,486 Richmond 7,637 7,587 7,607 7,593 7,608 7,623 7,660 7,705 7,708 South Kingstown 30,788 30,719 30,744 30,672 30,588 30,361 30,363 30,597 30,639 Westerly 22,567 22,606 22,633 22,674 22,653 22,669 22,701 22,781 22,787 Source: US Census Bureau Census homepage