CANCELED Table 1, FHWA Notice N4510.770 Revised Apportionment of Federal-Aid Highway Program Funds for Fiscal Year (FY) 2014
This directive was canceled June 27, 2014.

Notice Subject Apportionment of Federal-Aid Highway Program Funds for Fiscal Year (FY) 2014 Classification Code Date Office of Primary Interest N 4510.770 October 25, 2013 HCFB-1

Best for printing: n4510770.pdf (957 KB) To view PDF files, you can use the Acrobat® Reader®.

Notice 4510.770 - Table 1 | 2 | 3

U.S. DEPARTMENT OF TRANSPORTATION

FEDERAL HIGHWAY ADMINISTRATION

FY 2014 FEDERAL-AID HIGHWAY PROGRAM APPORTIONMENTS UNDER

THE MOVING AHEAD FOR PROGRESS IN THE 21ST CENTURY ACT (MAP-21)

(before post-apportionment set-asides; before penalties)

State National

Highway

Performance

Program Surface

Transportation

Program Highway

Safety

Improvement

Program Railway-

Highway

Crossings

Program Congestion

Mitigation &

Air Quality

Improvement Metropolitan

Planning Apportioned

Total Alabama 457,293,242 210,340,534 45,720,399 4,531,606 11,397,192 2,980,070 732,263,043 Alaska 289,366,285 133,099,405 30,698,493 1,100,000 27,493,201 2,197,655 483,955,039 Arizona 413,210,414 190,063,817 42,731,428 2,676,310 51,828,599 5,671,495 706,182,063 Arkansas 309,420,570 142,323,747 30,241,707 3,760,553 12,302,362 1,665,227 499,714,166 California 1,930,325,220 887,888,994 196,843,319 15,280,331 463,637,790 48,492,758 3,542,468,412 Colorado 298,581,383 137,338,062 29,641,660 3,169,481 42,256,393 5,126,010 516,112,989 Connecticut 277,794,410 127,776,706 29,221,153 1,305,705 44,199,692 4,473,039 484,770,705 Delaware 95,480,033 43,917,817 9,392,311 1,100,000 11,650,737 1,727,063 163,267,961 Dist. of Col. 90,575,156 41,661,728 8,853,314 1,100,000 10,092,264 1,720,246 154,002,708 Florida 1,143,438,426 525,945,775 117,188,758 8,463,816 13,584,723 20,067,504 1,828,689,002 Georgia 745,815,085 343,051,523 74,082,553 7,875,149 67,884,140 7,530,322 1,246,238,772 Hawaii 96,314,552 44,301,670 9,484,017 1,100,000 10,348,924 1,695,029 163,244,192 Idaho 166,696,757 76,675,274 16,541,631 1,776,694 12,801,698 1,569,240 276,061,294 Illinois 793,512,627 364,990,894 76,854,409 10,344,781 109,990,798 16,537,875 1,372,231,384 Indiana 552,613,379 254,184,804 53,354,561 7,372,184 47,071,049 5,072,949 919,668,926 Iowa 293,745,166 135,113,554 27,054,665 5,225,024 11,284,553 1,922,488 474,345,450 Kansas 225,079,062 103,529,302 18,847,102 5,886,861 9,507,296 1,887,866 364,737,489 Kentucky 398,221,019 183,169,166 40,107,694 3,652,857 13,686,440 2,455,282 641,292,458 Louisiana 421,573,308 193,910,485 42,305,455 4,021,282 11,435,577 4,166,907 677,413,014 Maine 105,801,083 48,665,176 10,400,865 1,225,628 10,287,373 1,785,435 178,165,560 Maryland 331,011,585 152,254,936 34,083,995 2,290,904 53,644,841 6,721,039 580,007,300 Massachusetts 327,493,739 150,636,838 33,563,437 2,424,886 63,360,507 8,712,358 586,191,765 Michigan 593,833,751 273,144,880 57,856,114 7,400,342 73,935,815 10,036,726 1,016,207,628 Minnesota 377,579,058 173,674,512 35,536,982 5,955,222 32,195,500 4,431,598 629,372,872 Mississippi 289,164,349 133,006,522 28,397,899 3,378,403 11,208,483 1,648,156 466,803,812 Missouri 563,829,611 259,343,919 56,450,758 5,508,540 23,549,081 5,037,832 913,719,741 Montana 241,672,550 111,161,785 24,713,762 1,843,661 14,873,228 1,742,478 396,007,464 Nebraska 170,137,608 78,257,958 15,132,980 3,563,460 10,278,266 1,606,390 278,976,662 Nevada 200,497,123 92,222,381 20,932,651 1,100,000 32,538,736 3,181,655 350,472,546 New Hampshire 94,020,076 43,246,283 9,231,877 1,100,000 10,339,416 1,532,191 159,469,843 New Jersey 539,935,156 248,353,219 55,705,052 3,628,482 103,994,877 12,065,878 963,682,664 New Mexico 217,521,011 100,052,835 22,289,018 1,614,390 11,402,307 1,560,029 354,439,590 New York 899,994,113 413,969,035 92,733,546 6,166,906 183,020,533 24,204,327 1,620,088,460 North Carolina 605,015,579 278,288,170 60,040,175 6,445,053 51,203,732 5,637,741 1,006,630,450 North Dakota 144,907,391 66,652,850 12,298,708 3,625,181 10,510,377 1,627,295 239,621,802 Ohio 756,020,312 347,745,606 74,490,252 8,588,903 95,666,359 11,227,576 1,293,739,008 Oklahoma 380,848,052 175,178,146 36,668,399 5,183,035 11,744,140 2,506,038 612,127,810 Oregon 292,722,412 134,643,119 29,278,564 2,888,734 19,382,241 3,508,427 482,423,497 Pennsylvania 934,242,866 429,722,386 96,083,774 6,580,277 104,402,288 12,571,684 1,583,603,275 Rhode Island 126,674,807 58,266,434 12,820,308 1,100,000 10,420,505 1,799,873 211,081,927 South Carolina 401,416,151 184,638,826 39,889,354 4,222,311 13,087,312 3,052,896 646,306,850 South Dakota 164,487,876 75,659,258 15,753,771 2,321,820 12,255,342 1,712,735 272,190,802 Tennessee 492,999,125 226,764,119 49,463,775 4,711,953 37,007,106 4,659,219 815,605,297 Texas 2,002,344,975 921,015,821 202,536,637 17,501,272 164,475,841 23,722,254 3,331,596,800 Utah 203,266,852 93,496,370 20,769,136 1,567,881 12,907,564 3,140,797 335,148,600 Vermont 115,946,898 53,331,932 11,641,417 1,100,000 11,834,783 2,031,802 195,886,832 Virginia 586,030,497 269,555,629 59,937,031 4,461,924 54,867,429 7,327,530 982,180,040 Washington 388,755,146 178,815,162 38,657,003 4,063,343 36,917,466 7,096,843 654,304,963 West Virginia 258,519,106 118,910,672 26,423,436 1,985,257 14,309,236 1,649,835 421,797,542 Wisconsin 442,348,084 203,466,230 43,000,082 5,609,598 27,371,694 4,431,220 726,226,908 Wyoming 149,898,722 68,948,706 15,372,387 1,100,000 10,410,501 1,532,307 247,262,623 Apportioned Total 22,397,991,758 10,302,372,972 2,241,317,774 220,000,000 2,315,856,307 320,461,189 37,798,000,000

Approved Effective: October 25, 2013

Federal Highway Administrator